[gd_scene load_steps=9 format=3 uid="uid://dyqrxqks71mh6"]

[ext_resource type="Script" path="res://fail.gd" id="1_b5247"]

[sub_resource type="StandardMaterial3D" id="StandardMaterial3D_f5vjr"]
albedo_color = Color(1, 0, 0, 1)

[sub_resource type="BoxMesh" id="BoxMesh_0adk2"]
material = SubResource("StandardMaterial3D_f5vjr")
size = Vector3(0.2, 1, 0.2)

[sub_resource type="StandardMaterial3D" id="StandardMaterial3D_wcvxe"]

[sub_resource type="StandardMaterial3D" id="StandardMaterial3D_aisb5"]

[sub_resource type="Animation" id="Animation_jg26e"]
length = 0.001
tracks/0/type = "value"
tracks/0/imported = false
tracks/0/enabled = true
tracks/0/path = NodePath(".:visible")
tracks/0/interp = 1
tracks/0/loop_wrap = true
tracks/0/keys = {
"times": PackedFloat32Array(0),
"transitions": PackedFloat32Array(1),
"update": 1,
"values": [true]
}

[sub_resource type="Animation" id="Animation_j5w2y"]
resource_name = "flash"
length = 0.6
tracks/0/type = "value"
tracks/0/imported = false
tracks/0/enabled = true
tracks/0/path = NodePath(".:visible")
tracks/0/interp = 1
tracks/0/loop_wrap = true
tracks/0/keys = {
"times": PackedFloat32Array(0, 0.0666667, 0.133333, 0.2, 0.266667, 0.333333, 0.4, 0.6),
"transitions": PackedFloat32Array(0, 1, 1, 1, 1, 1, 1, 1),
"update": 1,
"values": [false, true, false, true, false, true, false, false]
}

[sub_resource type="AnimationLibrary" id="AnimationLibrary_6yoyy"]
_data = {
"RESET": SubResource("Animation_jg26e"),
"flash": SubResource("Animation_j5w2y")
}

[node name="Fail" type="Node3D"]
script = ExtResource("1_b5247")

[node name="Model" type="Node3D" parent="."]

[node name="MeshInstance3D" type="MeshInstance3D" parent="Model"]
transform = Transform3D(0.707107, 0.707107, 0, -0.707107, 0.707107, 0, 0, 0, 1, 0, 0, 0)
mesh = SubResource("BoxMesh_0adk2")
skeleton = NodePath("../..")

[node name="MeshInstance3D2" type="MeshInstance3D" parent="Model"]
transform = Transform3D(0.707107, -0.707107, 0, 0.707107, 0.707107, 0, 0, 0, 1, 0, 0, 0)
mesh = SubResource("BoxMesh_0adk2")
skeleton = NodePath("../..")

[node name="Node3D" type="Node3D" parent="Model"]

[node name="MeshInstance3D3" type="MeshInstance3D" parent="Model/Node3D"]
transform = Transform3D(0.707107, 0.707107, 0, -0.707099, 0.707099, 0.0048869, 0.00345556, -0.00345556, 0.999988, 0, 0.0438183, -0.0674791)
mesh = SubResource("BoxMesh_0adk2")
skeleton = NodePath("../../..")
surface_material_override/0 = SubResource("StandardMaterial3D_wcvxe")

[node name="MeshInstance3D4" type="MeshInstance3D" parent="Model/Node3D"]
transform = Transform3D(0.707107, -0.707107, 0, 0.707099, 0.707099, 0.0048869, -0.00345556, -0.00345556, 0.999988, 0, 0.0438183, -0.0674791)
mesh = SubResource("BoxMesh_0adk2")
skeleton = NodePath("../../..")
surface_material_override/0 = SubResource("StandardMaterial3D_aisb5")

[node name="AnimationPlayer" type="AnimationPlayer" parent="."]
root_node = NodePath("../Model")
libraries = {
"": SubResource("AnimationLibrary_6yoyy")
}
